174430
161936
182028
167791
12333
187645
220308
169786
193738
233078
120677
115746
84876
173346
162886
180263
224517
183394
3076
124361
205637
102794
28720
96848
31260
205059
164928
177736
170216
175914
209010
55690
221107
164153
2651
25613
230802
72125
126163
35677
121921
171623
124742
216132
68448
122515
18602
28143
62219
159675
110327
205896
12493
157354
185343
146021
178900
93
201808
40834
163412
172386
125153
37111
132531
146508
237182
2511
73439
144733
42
103885
102680
30549
36218
150376
521
127023
198928
161533
104162
34635
175155
161970
200680
170042
9609
196340
146652
147020
194655
155426
148949
103343
128882
172287
182874
14996
43111
191189
70149
17133
155068
123260
14105
126042
155821
77423
171131
224037
91
54043
39463
21050
195421
10630
221194
43015
203993
236457
104006
199561
9216
266192
4098
233371
31627
229853
146886
148228
215
188
27833
176189
555
129437
128621
192135
9209
118048
12
197376
25021
20551
188920
31481
175640
54998
822
154203
463
163068
82222
182631
7854
192291
239188
140620
24181
97207
19857
155873
22545
156129
176494
27708
234
93260
146439
127060
233398
59294
198994
108745
193037
38453
203420
421
48726
92828
101721
188834
66589
181304
172818
54138
109276
3
225694
199792
181279
760
17392
19777
204583
220877
77130
172081
13122
160477
41114
45315
144344
40692
119890
59959
163745
176734
176920
2655
257501
25292
37046
233867
136888
39856
118
1
199478
54
209685
5
143693
33160
245638
206718
21241
36932
46213
169426
244522
15985
182134
70919
25554
129622
40765
163967
189932
31594
139976
243
63628
198773
158600
124708
121
123123
71
8217
228341
24480
2653
54625
70323
9217
21348
39683
154809
90137
55670
144592
223321
15987
105134
232832
66188
199042
79828
96913
172
40354
222509
100901
140934
192458
176396
166669
157969
66362
204305
151347
25417
128996
18833
217372
712
11170
5404
183562
150658
27162
83330
138161
136063
146791
137408
218417
17226
65781
63888
234487
50
227789
161614
128671
102652
167355
171668
98778
105551
219513
194594
875
58421
36553
34219
13
195539
147949
177639
95527
192153
97786
62222
62227
133038
186751
111341
73171
127398
158899
162082
205359
218603
90419
42052
43570
150
125618
206941
133848
155987
119506
27173
3685
475
160010
15062
163968
141572
128271
478
229220
34119
31999
9674
169255
209778
6472
39351
191862
155703
192836
244521
140603
97842
18
15363
22827
21790
20437
39938
27746
372
116998
133473
194607
1513
113924
9625
47
2346
119432
42776
170771
232405
31730
165722
159508
187617
11
151022
3307
143519
150997
92415
181530
180974
183251
128780
174785
50750
163166
232043
153938
193042
121408
181521
58281
12942
134726
250458
156546
30869
144797
144189
121288
156009
91312
65532
42215
6249
135219
130960
221965
4390
172308
131357
171
586
1353
160495
215311
28023
184921
192457
70512
88
24508
155624
20963
167400
3201
30380
503
36235
126792
21763
180511
113294
17405
18098
9823
84419
10547
24800
15364
37904
79127
26997
162007
256226
68425
137988
123540
158889
38996
168584
46
2163
55600
212445
166384
31563
203416
13004
236191
113997
110277
117959
111799
107529
22345
179803
73761
160499
146278
246192
209418
100423
148575
41002
43528
143741
82421
173442
143515
47185
5782
196326
117915
29603
215341
41066
168435
162286
82420
156336
131287
103886
28181
171499
205398
91872
224597
139898
132018
35570
193558
170416
132028
156943
30957
233312
12891
156689
203417
1035
177590
94
213893
170561
179275
528
7717
65901
69789
483
72321
2955
151004
156858
137269
12002
244992
21882
154825
198953
12962
200147
163602
20100
242574
165401
2181
27976
169654
71721
699
153016
40628
2453
26566
12902
1345
9440
158275
155362
119788
156566
202408
171273
145659
69779
1041
148319
491
220520
234277
161417
53953
98351
8125
201921
2398
246784
108784
13642
52461
66356
129948
106217
108906
232219
29368
169124
173064
191051
240
216734
72225
193949
194879
26990
45
432
174570
201825
191977
939
183840
154458
51
244228
89409
85897
37380
175117
95064
244711
224710
160851
904
8051
202426
147151
173
122298
172047
19600
554
242302
65244
30645
171669
16747
45986
168917
98229
131646
1301
203427
38054
160018
177678
247763
161866
197443
1822
66505
158435
91514
15512
27588
104363
180680
224
22825
104710
200077
2093
72287
59946
257499
179172
165838
60
207830
233247
156776
8045
141517
67492
41
181687
55427
15817
204027
135382
150999
220
197070
551
195560
157403
195137
178336
127518
25568
18100
136991
131260
66056
38823
154086
97903
94246
260428
122522
68264
175324
171233
185589
50768
25669
137649
191231
1465
17396
245934
1382
5737
56692
35497
71671
152162
6830
180593
125678
207691
142326
8203
164265
1634
216459
130176
182340
104020
159473
156091
183880
151007
27364
157809
204516
121410
184151
91536
35052
221
230080
124
34084
197405
75449
153065
1608
327
200954
21523
157001
833
823
44163
23094
207336
37628
42910
217449
121297
40793
57390
193214
38159
4099
30381
176544
30618
8989
2507
91873
17329
230
134352
234671
140933
19100
223953
53093
18258
24068
95103
187377
39953
154246
177524
123955
176165
60435
37836
132372
157526
145639
135779
226522
218333
212402
164338
527
11825
198454
855
240196
163154
147303
226320
175199
163839
182694
278
91080
174660
25643
194880
1261
13823
231581
112
216092
35815
177802
204836
202670
25821
105
22141
171879
152470
111124
16992
143884
104347
235802
15126
12995
131014
119591
137297
12495
1159
42452
16395
134253
102548
165872
181796
184424
154386
245654
190082
150145
229265
681
221318
195162
258036
105037
145371
207243
103
10
143405
37919
9203
106
205716
160610
244271
354
159109
43443
120523
21441
47055
29934
75165
223750
15
2338
150312
109125
43022
141423
10640
1540
117985
33604
254640
72991
39684
129051
219215
163642
191876
16986
165986
241451
61692
20542
66
96007
166226
902
878
180899
195314
41916
163413
826
144041
9220
1231
235488
127024
85256
179460
142992
232918
198740
173090
1897
1115
230085
176229
19999
492
205597
3072
179572
191300
22038
196
180040
125548
13780
156714
152
134453
16496
63268
175223
216091
7480
13884
83195
82168
229892
131111
122294
423
58936
167270
2842
256382
123499
34194
24417
138649
149155
139030
94362
138431
101785
6411
9446
106662
159503
169794
22484
394
7805
181810
164949
19237
26
123607
55697
92319
3284
38862
148943
21550
223855
5716
143986
160902
30658
172385
233020
142852
1403
24827
1915
38343
194626
481
40270
183571
172381
244536
226501
173101
262215
128721
253284
234669
234477
57925
113401
230933
594
71836
22
26457
2122
2081
12761
42487
195544
199
103185
115
227515
215841
88827
167513
55829
131325
126100
6205
215842
146221
1499
112138
172220
218509
181524
223040
212516
227460
113873
249259
168
94104
73369
131366
41933
116
3800
192860
194690
139771
242
18745
701
38863
142079
147253
624
244654
230253
6351
170624
90040
24773
206803
201
122842
239464
21920
146312
183006
176371
37387
148951
196202
254
158900
103092
34887
168609
228504
3565
19622
204
31497
3228
111417
157096
107255
138233
23540
166857
37907
5206
70
38765
142961
730
206051
192074
116954
202583
34297
178054
33451
146418
29937
2987
166571
195571
129459
87890
217085
3955
143185
249381
35435
39339
165950
14254
217780
155255
171726
1829
149951
1568
228660
11971
144529
125752
157413
438
168998
37358
104955
119
2393
15818
171662
61487
67254
188866
113636
136280
152765
619
91984
99975
1887
2065
10093
217861
986
1544
1662
915
40209
237
206931
198830
175307
73
8129
23679
2397
38992
56931
8098
191894
157
204472
242804
38386
205317
224783
193308
247236
36522
84
494
2808
22877
195043
21954
199966
3931
171011
165948
361
32125
4396
38545
13308
71074
43868
157917
42124
15511
24742
145189
37141
21133
232988
36811
2251
620
63759
28089
71906
169611
175095
35503
163805
244115
255692
172737
9910
232
176083
929
180592
180771
75476
54361
195856
24703
85005
122240
208895
63543
92190
111105
134157
4636
442
168681
12477
124172
22348
86246
128442
143175
17223
118174
187653
216201
31105
172931
169416
180852
157026
46396
144239
175293
205046
2961
141736
41749
179303
17710
25224
162388
54137
98
24310
32666
177478
28259
31552
102435
172996
244331
65564
19526
198487
89910
91620
159504
149776
195528
163474
67239
66588
1198
182189
81640
193737
34707
183231
8190
903
27627
205610
15953
29223
144826
6779
16267
33154
39217
233678
1032
238638
1107
153064
123239
230303
41010
151771
66510
120
218530
42673
120217
205418
38718
155969
75358
146816
252328
118695
85036
123096
340
31759
2570
32412
163370
114031
57660
199383
85325
3353
143401
5072
218121
143404
925
1442
31624
191597
249
198525
13551
113289
424
73316
68182
168788
218479
118536
46255
128667
127997
181345
40760
35761
224821
109291
119391
146910
1117
16772
40769
58110
15839
128898
12589
174078
133632
49
66214
40393
12166
5781
176558
245643
148601
223215
9027
251678
137330
118063
71882
104581
1234
25277
112686
8481
62220
222542
215840
29972
211716
195503
144568
192945
71061
398
204574
117
130
6901
123219
472
36648
41863
158339
166286
36399
214032
22143
187680
9215
260605
124052
187700
65515
66171
242639
9441
43152
31483
40237
152242
172503
254591
214887
142121
216597
150293
153507
144864
12750
202077
592
98315
88408
217398
21551
9341
99
3720
169318
187273
54307
206940
22192
128
230305
38531
29839
218293
15510
4741
197572
140
11057
12005
20134
27848
28
30367
188547
208024
34585
200057
29073
65282
181293
157958
66849
200853
151247
136056
154182
144553
443
76417
4192
154509
337
589
39927
244049
715
158572
526
18748
1219
94480
466
40529
72
67888
83734
227456
384
2596
111732
19764
92044
129736
126996
3570
21632
76150
205507
631
1295
83667
170604
144415
207207
14
214029
123609
67185
15600
191963
269210
511
162823
112092
4218
67928
180564
73070
220792
251658
139899
137031
41627
102237
67180
12692
180199
77
124965
638
137423
1155
175621
19995
36400
189052
15290
1563
220517
125
231733
10997
38309
145588
174837
22897
38713
156138
144270
65907
155695
173156
205158
192455
217083
122588
15954
2569
132
559
32674
153318
191972
17025
226518
125921
189660
203780
40990
37371
156501
154906
103686
691
244114
181797
162009
32944
125046
163
4394
811
204184
45748
111148
66587
36946
123570
192802
15318
81453
128445
193739
7858
1270
158109
8095
320
39206
27225
11229
217
7
118418
198190
145203
205045
172933
155463
17240
78733
3870
21791
245354
949
230383
145645
202977
244608
231696
37196
67877
2603
6887
6819
2476
128931
230267
206084
19427
634
196526
91523
23107
248158
3085
32484
158340
382
16991
142296
35488
17161
129050
98918
2533
191572
1042
225244
235375
129731
20
2529
3972
180956
218311
205494
798
531
170587
119781
90305
227758
124827
153097
41429
184824
193728
215312
31479
286
38786
38506
108
59
19348
1044
140535
22532
223049
208773
12350
136955
209324
20133
216094
124969
39188
118705
348
218920
936
177354
195372
8730
154301
131835
28620
80771
119012
168274
4491
145633
184459
99392
157789
18866
233571
173200
216070
103660
59753
172547
225818
1423
1491
222407
16366
37120
40832
1111
10550
19643
256
176530
244
156496
770
168054
40381
153737
70519
932
215613
127127
55952
25729
162
96152
244916
193621
198609
156548
5867
199793
34969
1262
206150
133528
28723
37734
8195
149241
200454
210290
128554
149809
93724
223
2288
1484
7865
1334
140717
213266
166317
75212
168679
25261
172552
159692
192934
987
173105
46007
139952
40425
257518
23418
200890
42939
191004
201248
203430
154003
632
206915
1194
124968
3236
98527
132544
160081
118000
21654
189
1589
16216
140343
178570
883
805
221769
171890
35505
103649
148203
23451
32116
153623
102104
17393
27463
8107
62871
75091
148261
193557
130486
197831
126008
37400
143176
111
101
130882
244995
296
139033
19841
210274
9364
1621
226520
216428
175549
4688
15369
8170
34615
23730
30241
143157
4249
8490
129351
216632
164812
36708
117960
788
508
27048
169464
520
226634
6068
147537
204431
119637
3421
27356
28829
169704
122
40770
3139
23817
171479
5406
250442
218804
55253
80006
63170
36888
220775
35572
23686
256570
2612
90870
25951
141090
3202
3439
131904
189067
71655
40398
1037
31291
95105
177939
5620
136000
84465
234396
199904
39336
16
8924
109779
3967
3041
714
193560
5622
18460
161226
140951
24762
145976
85250
11168
19301
230889
112373
100679
96792
6050
759
692
135281
205125
7866
11945
2516
200934
552
38548
118610
287
147930
4209
198522
2266
105593
265
180020
185123
206504
68820
18985
35614
169147
252446
125311
43307
14808
147
6866
11949
1770
1425
63091
433
20545
205867
130877
197320
24037
154875
23604
183284
1265
191301
58
8124
233955
40831
3267
216403
135243
58602
18500
17053
4174
181761
256916
97915
22551
2162
8172
182704
22398
132428
175
203411
1116
99875
41569
148290
174524
5205
17449
185196
140125
179182
94389
197097
827
135649
142402
176565
299
246200
39242
141791
214293
108722
14083
227072
17484
117942
37301
163930
177249
31722
124380
182351
3409
36367
6613
30539
187687
209001
237087
38872
193210
35285
192638
173761
3234
78954
19996
188314
37165
2639
238656
200847
173634
193322
216658
163841
37231
197065
160958
33107
635
169
7806
142854
19854
196496
34373
35350
83040
32165
84772
162559
4583
420
119866
223278
172155
93538
163640
12681
178944
140519
1260
1293
205498
168433
137776
108044
127095
76674
35342
3348
10788
233676
44
155708
19948
3605
156442
24920
56885
5942
24509
114387
32441
167763
153
209325
815
167698
105624
15033
102148
255507
181260
96713
232666
245422
149853
21641
155451
3655
251420
232361
245352
464
202288
131118
56707
1758
198287
4616
33003
1597
122889
181960
214396
152237
79073
200058
170199
198138
150926
20022
84469
103132
41490
97357
120605
422
177197
204286
139562
241831
2238
79131
19679
130060
65673
232520
34320
107190
134520
124839
5795
124668
261594
68076
68228
231280
25794
138788
253684
84838
253618
1017
182082
254018
9
178134
140863
101020
257
2795
142271
212281
25674
137397
172546
245271
39813
160968
200
179071
210232
144734
264198
129320
2981
177079
444
131891
2381
13883
154173
238546
173047
129122
228133
210296
380
329
230769
142830
149119
152899
156180
175360
174614
175695
74390
24070
23985
242722
190639
130792
122891
34127
437
2582
177659
10819
215463
139245
223770
28025
214
184522
40444
30
184491
224904
156266
117914
1645
133956
160559
1444
127493
29109
32014
258444
20806
155173
20609
224316
3263
626
22278
115293
207016
56786
68858
10081
118497
25234
4370
223376
69601
176524
177965
30356
169274
230342
256066
9408
229414
25071
160418
215371
1561
130899
228411
85
21892
66085
174155
124847
180901
338
6366
210900
31133
128063
136440
165662
155
205907
192834
3553
4090
68247
220632
25584
216199
246663
42743
125977
21380
30662
95234
171835
209660
53168
4204
1430
173294
85769
173341
161546
147116
34599
223779
3097
31503
11265
38032
234948
52328
231999
148532
29773
33643
161547
84889
73863
135654
156373
191055
12346
155689
245045
40214
29410
60131
123160
29687
179245
254386
31056
371
8829
142325
192947
3128
10660
130390
208775
200456
1038
178613
128664
38194
217776
239840
13293
175878
6719
135116
3141
203102
2652
30804
143096
154443
87821
27172
2689
244918
31790
176803
1917
9028
180198
12632
213492
75789
541
160964
195867
202755
27739
38749
2247
183572
154634
234931
186864
7349
6795
2455
207062
152757
250621
19
67600
19363
3986
1585
22287
204837
35035
192547
104994
178591
207572
29308
20080
1213
238393
267
184346
231819
29663
357
7104
179933
131449
19650
102898
149787
199493
171129
8817
86955
153728
17804
180231
58601
38657
205057
187353
3154
41003
37208
18291
193840
42898
159469
96613
1710
1036
943
75547
228668
6581
141
2290
293
186721
139992
223931
189848
146735
1338
248005
80642
200171
550
181617
66837
218050
1372
5684
208480
4212
137155
22198
200924
545
64826
186323
713
25420
782
146408
3452
172971
63632
178302
150146
2998
116858
257759
125050
40531
148205
183896
180602
