IDGame,IDMech
68182,2012
68182,2041
68182,2040
68182,2078
68182,2004
168788,2001
168788,2080
168788,2072
168788,2676
168788,2015
218479,2001
218479,2080
218479,2664
218479,2040
218479,2019
218479,2078
218479,2015
118536,2023
118536,2072
118536,2040
118536,2078
118536,2015
46255,2080
46255,2041
46255,2072
46255,2040
46255,2070
128667,2040
128667,2019
128667,2015
127997,2080
127997,2043
127997,2040
127997,2002
181345,2048
40760,2080
40760,2072
40760,2004
40760,2082
35761,2012
35761,2041
35761,2017
224821,2023
224821,2664
224821,2072
109291,2689
109291,2685
109291,2070
109291,2020
119391,2080
119391,2041
119391,2078
119391,2004
119391,2015
119391,2082
146910,2080
146910,2007
146910,2081
146910,2005
1117,2012
1117,2040
1117,2047
1117,2004
1117,2020
1117,2008
16772,2072
16772,2685
16772,2020
16772,2017
