174430
161936
182028
167791
12333
187645
169786
220308
193738
120677
233078
115746
84876
173346
162886
180263
224517
3076
205637
183394
124361
102794
28720
96848
31260
205059
164928
170216
177736
175914
209010
55690
221107
164153
25613
2651
230802
72125
126163
35677
121921
171623
124742
216132
68448
122515
28143
18602
62219
159675
205896
110327
12493
157354
146021
178900
185343
93
40834
201808
163412
125153
172386
37111
146508
132531
73439
2511
144733
42
102680
103885
237182
36218
30549
150376
521
127023
198928
161533
104162
34635
175155
161970
9609
200680
194655
146652
155426
147020
196340
170042
148949
103343
128882
172287
14996
70149
182874
43111
17133
155068
123260
14105
191189
126042
171131
77423
155821
224037
91
21050
39463
54043
10630
43015
195421
104006
203993
221194
9216
31627
199561
4098
146886
148228
215
188
27833
233371
176189
555
129437
128621
9209
236457
197376
175640
192135
12
118048
20551
25021
31481
54998
822
188920
154203
229853
463
163068
7854
182631
192291
24181
97207
155873
140620
19857
22545
82222
156129
234
176494
146439
27708
93260
127060
59294
198994
193037
421
108745
38453
203420
233398
101721
48726
239188
92828
188834
66589
181304
172818
3
109276
54138
181279
199792
17392
19777
13122
760
77130
204583
225694
160477
41114
220877
172081
45315
144344
59959
119890
40692
163745
176734
176920
2655
37046
1
25292
136888
39856
118
257501
54
209685
5
143693
33160
36932
233867
21241
15985
206718
199478
70919
46213
182134
25554
243
40765
129622
169426
31594
163967
139976
63628
245638
123123
189932
198773
121
124708
71
158600
8217
24480
2653
54625
228341
70323
9217
244522
266192
21348
39683
90137
154809
144592
55670
15987
105134
79828
66188
96913
172
232832
199042
40354
192458
100901
66362
176396
157969
25417
222509
18833
166669
151347
712
5404
128996
11170
140934
204305
83330
183562
27162
150658
136063
146791
138161
217372
137408
65781
17226
223321
63888
875
128671
50
102652
161614
227789
234487
218417
105551
171668
98778
34219
147949
58421
177639
111341
13
194594
219513
73171
62227
95527
186751
133038
36553
97786
62222
192153
195539
127398
162082
158899
218603
205359
42052
90419
206941
43570
150
125618
133848
155987
119506
27173
3685
475
128271
163968
15062
141572
169255
478
160010
34119
6472
9674
31999
209778
192836
39351
167355
229220
155703
140603
191862
97842
18
22827
15363
21790
1513
39938
20437
116998
27746
133473
372
9625
113924
194607
47
119432
2346
42776
31730
170771
159508
187617
3307
11
151022
143519
128780
150997
165722
174785
50750
181530
183251
163166
92415
153938
181521
180974
58281
121408
232043
12942
134726
193042
30869
135219
121288
65532
232405
156009
42215
144797
6249
221965
172308
156546
144189
91312
130960
4390
131357
171
586
1353
160495
70512
192457
28023
88
24508
155624
215311
167400
20963
3201
250458
36235
503
30380
18098
184921
21763
126792
9823
180511
24800
15364
113294
84419
10547
79127
37904
26997
17405
162007
68425
244521
38996
123540
2163
137988
166384
113997
168584
203416
46
55600
31563
212445
158889
13004
110277
236191
179803
107529
117959
22345
73761
160499
111799
41002
100423
148575
43528
146278
82421
143741
173442
117915
47185
143515
5782
41066
29603
28181
82420
162286
156336
196326
168435
209418
103886
139898
205398
35570
171499
91872
131287
132018
170416
256226
224597
193558
156943
156689
30957
177590
12891
215341
94
132028
203417
1035
179275
65901
213893
528
7717
69789
246192
483
2955
137269
151004
170561
12002
72321
200147
198953
21882
156858
2181
20100
12962
154825
163602
27976
233312
169654
165401
242574
71721
26566
158275
153016
40628
12902
1345
699
9440
155362
2453
171273
156566
69779
119788
244992
145659
1041
148319
491
202408
161417
220520
53953
98351
108784
8125
201921
2398
72225
13642
52461
129948
66356
108906
29368
234277
169124
106217
240
232219
194879
26990
45
174570
432
173064
939
191977
85897
51
191051
183840
154458
37380
193949
89409
201825
95064
8051
160851
147151
904
175117
244228
173
216734
19600
554
122298
172047
171669
30645
65244
45986
16747
98229
168917
246784
1301
131646
160018
224710
38054
203427
202426
177678
161866
66505
1822
180680
104363
158435
27588
224
91514
15512
22825
104710
72287
200077
242302
197443
179172
165838
8045
59946
60
141517
67492
2093
156776
244711
41
15817
55427
204027
181687
207830
233247
150999
135382
551
220
157403
178336
25568
38823
18100
195137
136991
197070
247763
195560
68264
66056
171233
127518
122522
97903
131260
94246
185589
137649
50768
25669
154086
191231
17396
1465
5737
1382
6830
175324
152162
71671
207691
35497
56692
164265
180593
142326
125678
8203
1634
257499
130176
159473
104020
151007
183880
184151
27364
156091
216459
157809
121410
182340
35052
91536
221
34084
230080
124
197405
204516
153065
327
1608
21523
23094
75449
157001
44163
833
42910
823
207336
37628
200954
57390
121297
38159
245934
40793
217449
4099
30381
176544
30618
91873
8989
2507
193214
230
19100
140933
17329
53093
24068
154246
234671
134352
39953
18258
95103
123955
132372
60435
177524
176165
145639
157526
37836
260428
164338
855
187377
147303
218333
135779
527
198454
212402
175199
223953
25643
174660
11825
1261
278
194880
91080
182694
163154
13823
35815
204836
177802
112
105
25821
22141
171879
152470
143884
111124
163839
216092
16992
104347
15126
202670
12995
137297
119591
131014
226522
12495
226320
231581
1159
42452
165872
16395
134253
102548
184424
181796
154386
235802
105037
681
195162
145371
150145
229265
143405
10
103
37919
221318
9203
190082
106
120523
354
43443
160610
205716
159109
21441
29934
47055
75165
15
2338
10640
240196
43022
150312
117985
109125
72991
33604
39684
141423
219215
1540
129051
96007
20542
223750
163642
165986
61692
16986
66
902
166226
180899
878
191876
163413
41916
144041
195314
826
258036
127024
232918
142992
1231
1897
179460
9220
85256
19999
492
1115
176229
173090
3072
235488
230085
22038
179572
207243
205597
245654
13780
125548
198740
180040
196
156714
131111
175223
152
7480
134453
122294
16496
63268
13884
191300
83195
34194
167270
123499
58936
423
216091
24417
2842
244271
138649
82168
94362
139030
149155
101785
6411
106662
169794
9446
159503
138431
26
19237
22484
164949
394
181810
123607
38862
92319
7805
148943
55697
21550
160902
229892
30658
3284
5716
143986
142852
38343
40270
172385
481
1403
223855
24827
194626
172381
226501
1915
256382
234669
113401
57925
57925
71836
173101
2081
594
12761
254640
233020
244536
128721
22
230933
103185
195544
88827
115
2122
42487
199
6205
167513
131325
55829
1499
113873
112138
146221
227515
172220
126100
215841
41933
181524
168
73369
131366
212516
139771
3800
253284
234477
192860
183571
116
215842
142079
38863
242
147253
218509
701
94104
18745
6351
24773
624
37387
90040
19622
122842
194690
21920
254
201
148951
158900
168609
262215
103092
206803
3565
157096
34887
204
138233
227460
183006
31497
146312
142961
107255
111417
3228
730
196202
37907
38765
70
228504
166857
116954
223040
5206
192074
23540
206051
239464
33451
241451
34297
129459
178054
176371
195571
146418
29937
87890
2987
143185
144529
3955
166571
35435
14254
155255
149951
217085
171726
39339
165950
1829
202583
125752
67254
104955
2393
157413
37358
171662
438
168998
1568
113636
11971
15818
119
61487
244654
152765
99975
136280
10093
1662
91984
1887
619
1544
986
237
2065
8129
191894
40209
915
175307
228660
73
188866
56931
217861
157
36522
38992
23679
38386
84
2397
8098
2808
230253
494
249259
21954
195043
3931
204472
205317
249381
165948
4396
206931
193308
42124
361
171011
22877
32125
71074
145189
13308
43868
38545
157917
24742
15511
242804
620
217780
71906
37141
21133
2251
63759
36811
169611
175095
28089
199966
176083
232988
163805
9910
172737
35503
180771
232
75476
929
54361
85005
216201
208895
134157
122240
124172
63543
442
92190
180592
24703
111105
169416
86246
168681
4636
195856
180852
22348
118174
17223
31105
128442
12477
2961
157026
170624
141736
187653
46396
144239
25224
175293
41749
205046
17710
179303
32666
54137
143175
177478
24310
98
19526
28259
89910
31552
172996
65564
224783
102435
149776
91620
162388
67239
195528
81640
6779
34707
172931
198830
66588
144826
15953
198487
183231
247236
903
193737
1198
8190
163474
16267
39217
233678
29223
153064
27627
244115
182189
1107
33154
1032
38718
205610
42673
66510
85036
155969
31759
75358
2570
123096
118695
340
120
120217
218530
199383
114031
163370
32412
3353
205418
123239
41010
143401
146816
5072
244331
168788
151771
85325
57660
925
230303
424
13551
198525
249
31624
143404
73316
1442
68182
113289
46255
238638
191597
40760
118536
128667
181345
15839
127997
58110
35761
119391
109291
1117
128898
40769
133632
12589
16772
159504
66214
12166
5781
40393
176558
174078
49
148601
104581
223215
25277
9027
1234
71882
137330
144568
8481
118063
62220
146910
195503
29972
112686
117
71061
224821
398
123219
36648
211716
41863
204574
192945
130
166286
166286
472
22143
158339
6901
36399
252328
9215
215840
214032
12750
187680
66171
124052
31483
65515
142121
152242
40237
43152
144864
150293
9441
217398
98315
216597
245643
9341
592
153507
172503
99
88408
21551
54307
3720
169318
218293
29839
4741
218479
11057
15510
218121
38531
187700
20134
12005
206940
30367
27848
187273
22192
140
28
128
197572
202077
39927
34585
29073
230305
65282
255692
4192
151247
154509
136056
589
157958
443
76417
154182
200853
144553
40529
18748
200057
181293
66849
337
83734
72
94480
158572
1219
92044
126996
526
208024
111732
466
384
76150
715
2596
67888
3570
21632
19764
21632
123609
251678
631
207207
144415
205507
14
67185
1295
15600
188547
511
67928
191963
162823
137031
73070
139899
4218
124965
102237
77
41627
180564
36400
189052
67180
1155
112092
129736
638
175621
19995
38309
244049
15290
12692
125
38713
1563
137423
10997
220792
22897
122588
32674
227456
145588
155695
156138
242639
254591
65907
144270
2569
125921
132
153318
205158
180199
192455
15954
217083
17025
162009
156501
40990
191972
559
173156
203780
37371
174837
45748
189660
103686
32944
251658
125046
691
170604
66587
181797
4394
163
154906
260605
111148
123570
81453
15318
128445
36946
158109
811
7858
220517
192802
78733
8095
39206
231733
1270
11229
27225
320
204184
118418
145203
217
193739
7
145645
155463
3870
67877
21791
17240
6819
37196
196526
2476
949
6887
128931
172933
91523
205045
226518
2603
206084
198190
32484
634
142296
23107
129050
19427
191572
17161
98918
2533
16991
158340
230383
382
129731
3085
1042
35488
798
202977
2529
180956
205494
3972
248158
124827
225244
531
231696
244114
119781
41429
153097
90305
20
31479
218311
38786
12350
286
140535
19348
38506
230267
215312
22532
245354
59
108
1044
227758
124969
170587
20133
118705
39188
184824
145633
936
214029
348
136955
8730
177354
216094
119012
154301
223049
244608
208773
28620
131835
184459
99392
235375
157789
80771
18866
209324
225818
4491
103660
218920
214887
40832
59753
1423
1491
193728
168274
173200
195372
172547
16366
256
168054
10550
37120
176530
1111
133528
19643
153737
244
216070
55952
40381
127127
96152
932
70519
25729
770
156496
222407
193621
1262
5867
162
34969
206150
37734
215613
149241
156548
198609
199793
28723
223
8195
200454
23418
1334
93724
2288
75212
149809
128554
7865
1484
168679
210290
140717
233571
25261
200890
46007
42939
40425
160081
172552
987
192934
124968
166317
191004
173105
154003
201248
632
1194
132544
98527
3236
159692
16216
189
21654
118000
178570
140343
1589
35505
805
32116
139952
883
203430
221769
23451
153623
102104
213266
27463
103649
126008
17393
171890
244916
8107
148261
75091
139033
130486
193557
62871
111
206915
4688
9364
37400
143176
101
296
1621
19841
148203
8490
129351
143157
23730
130882
4249
34615
8170
30241
164812
508
15369
36708
119637
147537
788
520
27048
216428
216632
28829
40770
117960
169704
6068
3421
23817
3139
197831
27356
122
5406
175549
36888
210274
2612
35572
80006
55253
169464
63170
226634
23686
90870
25951
171479
141090
220775
1037
31291
95105
71655
204431
3202
189067
3439
177939
136000
39336
84465
8924
40398
16
5622
18460
140951
5620
109779
3041
3967
24762
218804
85250
692
19301
96792
11168
100679
6050
135281
234396
7866
193560
714
112373
161226
206504
2516
759
131904
118610
200934
11945
145976
205125
35614
226520
287
199904
6866
244995
2266
198522
230889
105593
147930
18985
169147
265
147
185123
38548
552
4209
1770
11949
43307
1425
125311
68820
269210
63091
130877
433
14808
205867
154875
23604
250442
1265
180020
20545
8124
40831
18500
97915
58
3267
58602
256570
24037
1116
22398
135243
8172
181761
191301
132428
140125
99875
197320
17053
216403
4174
22551
233955
94389
175
182704
2162
5205
141791
182704
174524
17449
41569
827
197097
183284
142402
299
36367
185196
179182
176565
124380
108722
17484
39242
135649
163930
203411
31722
3409
14083
117942
38872
6613
37301
30539
177249
182351
37165
19996
193210
35285
214293
187687
173761
78954
3234
19854
193322
37231
192638
188314
142854
2639
635
227072
33107
35350
169
197065
237087
7806
173634
160958
83040
34373
163841
140519
119866
172155
84772
216658
32165
76674
223278
4583
93538
12681
420
44
1260
200847
252446
163640
178944
257518
10788
137776
108044
1293
168433
3605
162559
127095
233676
24920
32441
3348
5942
56885
35342
19948
24509
202288
205498
167698
167698
155708
114387
15033
167763
131118
96713
238656
815
149853
4616
33003
214396
21641
155451
153
156442
181260
56707
196496
102148
1597
122889
464
150926
1758
209325
3655
209001
103132
232666
97357
41490
422
84469
170199
79073
232361
246200
19679
251420
20022
79131
152237
5795
68228
124668
2238
120605
65673
107190
181960
139562
34320
177197
25794
134520
182082
198287
68076
130060
245352
138788
198138
9
1017
232520
200058
124839
144734
25674
178134
142830
140863
129122
101020
2981
2795
380
200
257
160968
253684
204286
129320
156180
13883
245422
175360
39813
177079
444
173047
149119
23985
172546
179071
137397
142271
131891
130792
184522
139245
329
231280
152899
24070
174614
74390
34127
190639
177659
154173
3263
10819
122891
437
255507
2381
20609
210232
117914
214
175695
40444
230769
29109
30
1444
28025
155173
160559
156266
2582
32014
184491
1645
133956
22278
115293
626
20806
215463
228133
25234
56786
69601
4370
10081
160418
224316
85
68858
9408
176524
177965
207016
224904
127493
25071
174155
169274
30356
66085
118497
205907
1561
21892
223770
124847
238546
31133
338
136440
130899
3553
21380
4090
68247
228411
155
171835
6366
25584
215371
85769
242722
253618
42743
128063
180901
4204
229414
212281
30662
192834
165662
53168
241831
209660
210900
147116
95234
223376
34599
84889
230342
245271
31503
173341
155689
1430
8829
52328
161546
231999
33643
73863
29410
125977
29687
135654
12346
31056
11265
38032
3097
123160
173294
40214
220632
371
148532
142325
130390
156373
161547
29773
10660
223779
3128
60131
200456
175878
217776
192947
154443
6719
30804
128664
38194
179245
27739
216199
13293
87821
1038
135116
264198
3141
261594
203102
178613
258444
191055
27172
195867
541
7349
2689
2652
38749
143096
208775
256066
9028
2247
160964
12632
1917
154634
75789
234948
1585
202755
207062
176803
183572
186864
152757
180198
245045
19363
22287
178591
104994
31790
207572
35035
2455
19
6795
29663
256916
213492
1213
267
3986
19650
20080
234931
29308
7104
8817
67600
102898
153728
139992
184346
37208
86955
6581
58601
42898
192547
210296
18291
17804
38657
149787
357
41003
3154
239840
1710
171129
179933
2290
187353
146408
204837
205057
180231
199493
80642
1372
193840
146735
1338
1036
141
550
96613
186721
75547
293
131449
66837
782
943
189848
3452
150146
63632
125993
200171
5684
200924
25420
137155
125050
4212
22198
181617
223931
231819
64826
172971
18289
254018
2998
116858
545
98347
179820
3893
183896
29285
228668
713
148205
40531
20079
159469
32838
113927
141932
4529
84159
208480
218050
22457
670
180602
246663
186323
101786
92120
1459
11096
1666
32989
32114
244918
173441
190400
91189
5419
2228
193670
152053
2932
170318
147431
227273
178302
174744
148291
6281
118402
98242
3837
1768
9825
2389
20295
140457
71021
12234
219708
6539
17394
250621
19184
148271
172242
35669
110524
7929
188076
12140
91034
29259
38797
238393
230408
21287
207729
154259
173319
41302
10383
15826
96704
57163
195227
29581
182770
2165
143075
159059
283
177147
4286
5534
171226
109969
142267
186701
166158
136594
14080
101865
1323
46158
257759
3464
154910
1800
1419
159492
24565
65200
172540
170
31954
234621
756
80979
4211
2604
24843
218421
248005
113293
233961
231197
17651
25823
13532
75448
21754
69120
3230
173805
859
215308
33468
4206
235
91534
1552
32341
251293
908
6707
2539
35248
112869
119337
95
191538
1830
33665
154428
65534
21804
22237
68
18803
4471
2748
15157
2633
115233
4553
29602
92666
19947
229218
156
229741
13362
139131
40107
172881
1209
185709
194923
125924
130605
181329
123576
247
1431
186995
253398
26055
142084
198707
63706
46807
231567
254386
137909
2535
17970
61458
67181
66081
23
214484
73538
133285
1545
6542
804
37696
7804
58099
191177
245353
37728
4258
4985
24878
192120
110
392
2470
403
229791
192297
230251
5451
179835
206490
4095
212765
98085
31920
200726
206206
12896
215437
25900
911
1679
21464
5336
3406
191612
73664
218129
236217
8552
3548
8147
39328
1821
252929
171110
253214
30932
164698
193867
31545
105187
8207
192
163976
1493
96026
66424
7062
65225
3632
128698
224133
97803
34004
227545
22245
231665
6663
14683
203828
24
3243
179719
75223
10174
147887
147747
145012
162263
35935
153999
61484
27385
4112
8166
39832
6778
125943
173096
176262
935
24304
164506
20782
5576
4214
143484
13301
14188
137290
84464
1452
106999
173536
36345
47046
178892
163931
4047
8668
3475
431
194789
174476
29256
42929
1002
1212
6263
32382
142555
147623
700
66120
163920
139326
108831
194230
7935
364
182120
225729
56933
181494
256606
41052
10947
22347
3661
1717
50381
246297
245961
172584
23953
854
3312
313
12004
33434
206327
164865
179448
159632
89415
192673
181523
192927
219832
229
248900
6541
88513
16497
15889
193953
230191
176361
23890
27680
25727
194286
19358
2250
99358
154905
251890
28396
816
160561
153425
18746
2876
72809
2077
218208
13005
122159
103339
246201
99312
21985
114438
178044
146784
45134
40603
171630
27165
210040
58798
2363
180325
188720
256320
4505
568
13751
257527
8229
193668
129090
3828
17104
42306
3577
3137
26235
135262
155702
156840
145601
150783
6688
38318
9675
755
72667
3413
230498
55601
1447
41636
20865
3593
97273
205885
40276
831
38984
7479
55834
34496
789
17851
248117
25114
143981
5651
122690
4854
91773
132758
66855
101682
63740
18485
245197
256877
29294
4173
29805
134711
144761
10156
225
201186
129820
42142
200785
255653
1206
161530
167298
64956
12171
145308
42328
184700
3408
63167
121041
203204
142
92643
73313
23950
18243
9617
127312
27969
4556
2073
128733
111502
177727
207753
3463
88126
29387
155025
107704
1350
62853
36887
211940
204728
11106
63539
197072
6714
173275
234190
229427
234190
165876
2150
129556
42244
251053
185538
42490
206156
1705
120669
146130
69552
6927
161297
173092
176334
57998
13855
218995
159868
144325
7571
10814
178550
38931
33495
28218
65568
2
8130
237031
28086
302
136192
7614
169649
3730
165
834
5825
31745
237251
4079
151151
62225
142239
173115
28044
252526
150484
4210
55863
125048
339
5445
246684
205477
13123
655
20101
153422
21373
146559
23685
8946
3208
146725
41239
103091
85204
248
168839
2129
36482
163056
189350
104377
9963
144388
6955
28805
123885
3895
4001
236461
159406
65825
24568
2555
226254
5316
245476
39019
244513
201509
8515
1143
108018
201509
55165
196305
3086
154510
912
46782
178210
7843
142063
229370
24947
189222
90041
13084
686
222219
56796
12283
1376
247104
6203
142889
237211
63196
25294
119632
89
256874
43320
181501
870
72644
14634
706
180761
143994
137095
139508
4550
3855
188164
126239
1498
11269
123228
34227
162107
214988
208766
7742
161527
165967
8920
6930
441
66190
8521
3125
13354
8993
101013
163929
129614
963
193483
114912
76
114903
145642
62972
19989
159575
10431
175222
23142
163163
152510
108344
3518
213370
192240
192343
121073
204493
104627
149361
32002
204605
255615
207898
651
548
101929
2375
176606
261114
180543
240225
9829
5740
25491
9829
696
6481
17
639
155496
171261
86156
194232
217894
154880
163641
144566
310
56758
147707
160744
38821
1496
59429
132326
368
43264
142262
131246
63758
229632
22420
145888
66193
38735
85000
4562
321
213953
104573
136558
201455
13709
66126
7118
124590
6817
108161
39232
2079
102610
3318
114667
169341
42111
138166
27532
127784
258308
10934
179350
100734
31506
10167
259374
229956
1577
65936
148729
157088
170901
163937
219101
69130
221248
182116
38877
2640
300
20750
129976
235512
29903
207687
168770
3487
222
1535
128921
183578
131682
244330
4205
137237
204817
117663
81250
180241
14035
201846
3061
71973
3061
71973
1678
1576
7092
84869
97875
36314
17027
204575
88594
135877
146149
177499
621
25574
29355
1690
196306
5770
144567
130552
148083
161926
22359
872
177875
4958
4050
214996
30166
17988
1506
136356
22497
3608
37461
234828
22303
123536
242667
173018
172965
132019
169215
41474
4424
149896
13507
234248
90009
4488
97
1992
194523
6353
24770
83325
235591
132497
30328
158130
225167
182
193486
11231
27658
194723
17923
181254
224272
42444
137651
23053
4921
1720
35400
68260
206754
20078
1379
39932
201308
221230
102144
130827
224894
32424
255455
146228
29875
215471
207208
37198
181161
165595
123045
748
191982
57073
140795
132148
215616
235627
37672
124622
181176
12194
54735
23995
202
67919
145014
5833
1413
259
209136
126750
118385
43578
226588
191877
7086
107148
195237
194
5767
231991
129156
109548
1445
218161
33924
16804
147451
191438
28284
197439
68603
539
147021
10183
225163
178940
28452
436
2579
110102
111081
129165
115288
3414
4920
8273
9735
711
4401
245357
217362
234521
35289
217949
145975
72478
130006
216578
13089
230089
182094
171964
203270
25685
23919
13530
9606
150016
198110
165004
1448
137154
195242
123185
94396
5511
251412
34
224483
6137
66982
6209
192312
158544
110331
4356
57
1125
117854
230059
130295
155122
17835
5369
216974
166776
169141
165877
6738
166107
4753
99630
191925
49276
149620
2125
173504
93971
141653
150298
175334
161943
21947
460
85424
8138
1894
192185
67178
10653
36325
69234
2968
13286
3218
6931
216439
950
66781
227893
279
203740
72132
95613
35369
163172
126613
21930
59149
145654
117838
226213
10641
41762
92363
149097
118023
10496
5297
3573
67601
19419
27968
4984
217321
176146
8126
17997
160409
13071
5452
145219
194553
243430
234711
1942
16000
10206
37296
3321
82
4974
126912
2800
2448
7103
172062
226255
144743
104
233974
195709
102181
28185
2154
79067
122913
200834
88016
67917
88406
146
11081
191579
534
69851
147716
9021
243696
218580
172613
25213
16320
54643
3040
1681
74
130680
149910
4475
162865
96260
3416
322
171672
69278
170225
184866
144574
1421
28739
126
247360
6923
219232
260757
188178
10501
234691
3495
151
3597
7514
34010
103184
204675
213549
85652
147299
132817
941
24416
137900
180591
161757
165477
196712
164874
93541
182619
182074
109764
164158
83629
103651
2580
1339
235344
121423
153497
21779
155460
199242
1799
181440
1927
86177
172969
150013
204801
160784
147614
72800
264
150761
12157
3095
169275
186279
7290
210271
34659
9139
1982
205185
5680
160903
12355
163027
129359
1708
213149
178007
67453
814
28907
156175
193651
38553
41090
141067
34166
153625
118776
220155
223740
146158
1669
195194
188188
21358
22161
257668
23981
10642
162351
245928
207338
90
192351
937
40761
3383
125996
161681
13172
233973
232473
11274
1549
1152
38430
202732
15999
172225
54433
206175
21414
257726
59936
64220
192401
10989
39383
233956
63027
3992
719
13456
260332
1315
63975
121764
10226
5357
232829
171492
158534
233976
222643
155827
17857
32901
222145
172896
159581
234469
12830
160044
43
176596
1275
3083
2638
134150
3534
42560
24396
129974
174402
199182
175495
82955
168215
137238
10527
139147
146579
1309
25775
207910
159143
159143
173460
27266
134150
241225
216864
189192
19624
133405
127282
206939
4324
161578
207330
226519
75333
194196
157323
1536
194100
177515
30216
718
27117
188390
181811
122943
1674
8059
217475
1582
2371
109451
33732
71593
181495
16162
183959
178896
26983
199723
5677
187104
145186
165186
250
228580
253756
87907
170300
38429
8719
21022
193512
3093
2316
170669
31897
884
127920
41658
243358
102897
1203
210663
1197
5455
33150
147999
147363
316
166202
11159
766
203719
2259
147305
54507
213661
19765
270
171356
1693
668
41833
230852
3586
191543
204135
38026
122890
128412
16373
344
144492
199780
393
23779
3412
22485
379
450
1883
30641
103368
177490
23010
923
31697
2063
3613
27101
697
12897
154600
185374
164237
222887
847
4453
89668
3279
235465
235655
4493
198414
85108
230050
174518
249821
1631
2872
209664
5985
43691
26148
5243
214296
864
173649
11182
15261
13511
12282
210052
160567
15045
165556
426
173486
197178
181122
124545
153709
4008
220774
153639
268201
181290
1796
3864
22677
36597
34639
241987
1783
25738
225482
230791
90474
127561
193238
2583
189869
110870
189294
330
258244
18723
27965
190333
32990
135796
20195
234429
230304
204599
158837
4
160432
69136
4637
256839
147370
200551
38986
166988
225885
175961
110286
160419
48
191986
94373
158991
562
2447
57141
1668
222862
131568
244141
118410
13403
175088
3119
1823
247935
2667
26946
98762
169475
129293
88253
217099
197333
191387
161108
92852
187679
13266
11161
158168
248861
163377
100169
459
117995
1644
220780
35423
20646
25008
133437
71668
2076
252688
177702
58624
111173
151275
42997
143882
162041
222821
98443
16443
235922
144526
5869
34871
61028
205127
123844
203759
251247
114991
308
33759
82402
228766
8935
139443
143782
18932
99459
112598
176980
56995
258041
200247
9342
224031
192735
3563
206805
980
66613
31621
193693
157912
135215
30958
515
34169
16805
233868
177697
159141
231554
126000
92644
6202
224125
15474
38873
216234
218376
232041
194062
3710
145103
5222
132620
213882
216856
176435
39088
246228
65313
159910
155042
5071
167828
4388
219512
40432
230315
181265
14403
129945
46323
27298
144525
152847
172507
103877
164840
5711
2168
2281
2114
85105
55705
10662
104640
30024
33767
90190
124390
366
65334
163399
41934
27766
172994
4102
34747
175254
66437
250780
14860
29678
255659
171278
176817
623
2891
39941
4106
2678
142557
19187
165748
232830
5478
246150
169697
3190
5217
216381
38391
3044
820
18794
40234
152567
205308
6508
145393
8192
17162
124047
40935
224079
34334
256065
163175
55763
12898
185021
232079
8017
145493
87
99437
13337
36739
40
182352
158815
5614
247160
3003
107635
747
17162
136587
133534
1233
234877
138963
1472
1520
126021
63
5306
146818
164354
67593
5233
199047
32129
5791
125315
6657
43526
311
8325
212662
52568
2224
257769
149869
62922
193265
27817
166372
244505
223602
458
29379
229598
231223
1412
153991
8096
2379
25605
9615
190247
4610
25695
121409
36986
11104
38275
151835
168537
144988
148531
230590
145
164159
499
206859
172662
142085
26459
182626
1070
5255
951
56128
129382
231666
34701
1803
178147
170537
256669
38778
53624
174192
4769
23348
2611
89342
148231
895
103670
207951
4522
566
637
235365
6117
40816
31808
126242
232824
35964
195296
17526
256067
174802
21709
154892
168700
172560
171339
99130
165346
13347
153905
13230
2960
184919
39939
218933
185380
121657
27028
39332
9804
42651
257058
220203
142558
152241
720
12055
67199
6191
130911
191989
95386
212580
31449
2759
20077
22465
4255
17465
256623
2542
5635
244212
40235
35634
35438
174893
257067
5699
256541
118703
1702
75828
1149
26156
30324
17991
212346
156786
103061
64897
203655
4014
30483
232303
8069
6431
1313
10789
37589
234450
58329
56320
7251
197455
29140
192334
153238
11865
183797
178688
158973
145475
214491
1583
1583
4226
184704
62230
853
38387
30878
11705
85800
5686
4368
147568
108637
12488
125658
8316
6607
350
62814
37906
15209
169530
160012
119881
83197
4086
91671
161965
139572
230650
43365
12899
185378
38980
33077
160908
240465
112192
64
131581
6226
157322
181325
2324
197101
91666
40243
159209
5251
8222
2072
11886
110868
67148
212346
8066
220598
174260
124490
181393
192656
4667
191998
178209
22479
243538
147624
196217
94902
63395
27940
41612
19727
139897
42731
4884
1072
121993
76883
171136
12134
16933
144728
10623
40491
2536
11437
26458
172073
43249
90568
170146
8798
65990
5281
218126
192830
66076
35476
201920
218126
66076
35476
201920
2396
138104
176
21436
254110
165404
71272
158982
250754
74408
158392
12318
7138
172362
41875
202982
25314
37257
205831
216640
4346
209696
156096
1509
164031
18946
247436
242569
185381
145205
114684
141419
3177
182260
56294
138614
137872
170202
227888
5393
158970
219276
226445
155495
206844
121958
220778
8887
38805
4643
18931
3226
118337
202819
245444
2254
180193
66125
102690
163097
173804
46422
39635
158100
255664
128938
142556
231962
118293
108377
473
245487
35293
68188
33785
12188
5772
4275
490
2252
218310
221669
88871
1202
128204
174182
158564
145501
3852
2464
23827
99219
574
87200
230591
223950
12567
67693
171544
159446
1835
14258
150294
224403
248949
209530
909
181867
4454
213670
1463
11122
209166
257966
3711
17536
11582
199076
29017
277
131332
99078
190232
2860
312
158886
352
22864
148767
280
3595
240843
1533
129204
104805
230430
205079
31853
165563
235544
10523
79282
29383
869
3339
172207
94483
42396
214204
183420
89695
191071
274
221599
135888
7176
147240
24511
65272
128218
156007
202942
171037
159355
96
76247
20889
108665
15167
128137
192906
67
75782
246742
181370
7263
181404
66798
210101
249106
246816
1525
1302
228051
76207
181328
38471
29456
2268
20734
1098
38364
131241
156482
195484
170223
41100
3836
440
147194
35477
17922
1519
200280
133747
828
94731
10682
146922
154125
170223
178153
4200
2520
246816
199309
142924
27306
221366
174093
62030
162315
23928
242343
33172
40550
9386
194298
113
33155
4485
189453
158915
4244
29411
206471
106753
231327
186767
172008
8495
74102
12131
214989
256788
7453
193212
359
221368
6752
7824
137406
42448
507
219100
8957
147104
206448
154479
168232
197269
210
146035
15410
216710
661
8284
13597
223619
14039
147171
1380
140612
147768
154804
158237
6495
206169
186302
2422
187289
793
4839
129010
193213
16362
5504
235342
33911
1145
18057
1695
158742
17533
17863
36297
137744
1358
154939
213648
7719
14007
3692
2944
142503
203405
128011
427
23917
23263
150485
20228
162378
87120
210342
5476
3110
166569
36
247704
6861
476
18400
217020
2919
7844
252693
11432
18115
4642
20266
112381
161761
209289
36424
199357
988
2211
216865
841
29198
228570
144632
194233
2665
206266
1713
22948
166109
99808
40941
6642
147206
2610
176963
60815
10679
225317
86415
249505
135
76436
217553
180179
2574
230361
193485
1371
193551
192508
91010
18747
78
2938
24410
174926
112991
134524
174611
26138
12071
1899
840
7634
162114
145424
188991
194081
84834
2853
4831
99097
289
199908
163354
199881
152846
57759
166418
153480
5394
79068
162152
61269
223518
376
4928
102681
260300
153004
254123
4613
5941
120265
867
4085
228183
137
227029
66665
67361
68199
41033
195981
131232
191790
6767
143680
253106
4318
31575
229315
37739
152851
155636
2794
246639
217934
154902
15274
164027
165959
102835
173759
58886
128425
93819
12764
119464
46362
8812
220738
10559
131121
182218
7215
40258
245431
156976
231639
82272
17030
12248
23935
86167
158356
235454
103235
94365
12141
151251
710
207568
145599
2090
158812
145722
13728
127981
197760
162591
37441
138338
6627
82424
72285
121615
248167
155802
4228
2780
9962
2613
5171
2471
94331
